Precision: 0.29250449855583327
Recall: 0.5994189801426644
F1 Score: 0.39315648124282154
