eval_f = 0.91870075
eval_precision = 0.9157784
eval_recall = 0.9217063
global_step = 653
loss = 13.19534
