7.310585786300048960e-01 4.976736607133585011e-01 4.882613762004961444e-01 4.976736652072480949e-01 4.936049517564313760e-01 4.958261257189879312e-01 4.844115070065369566e-01 4.956252094189558810e-01 4.865700143880149486e-01 4.938258767536172766e-01 4.971436559505949537e-01 4.957921759799901462e-01 5.394211686575007825e-01 4.954638654543962462e-01 4.956914020131723553e-01 4.958950836130430195e-01 5.984508227831759619e-01 4.991028408421891993e-01
4.976736607133585011e-01 7.310585786300048960e-01 4.913539585872768178e-01 4.974748283434827223e-01 4.930584117035263780e-01 4.954693885930127051e-01 4.850310262738929956e-01 4.952513021035083174e-01 4.925457922359962604e-01 4.932982131920727320e-01 4.968995200740631280e-01 4.954325375105241291e-01 4.967457656985755921e-01 4.950761699754275824e-01 4.953231514485255671e-01 4.955442396491090418e-01 4.983107244998548624e-01 4.990261576432124535e-01
4.882613762004961444e-01 4.913539585872768178e-01 7.310585786300048960e-01 4.843941058292521307e-01 4.648580669133892118e-01 4.772805531889512953e-01 4.506976612011641681e-01 4.718054753531413237e-01 4.397250560591057233e-01 4.645374221644498758e-01 4.825481479357870973e-01 4.770420014595561087e-01 4.798926048057727822e-01 4.719570374183071904e-01 4.749054624024263149e-01 4.792709162212450136e-01 4.895582297351588896e-01 5.057191086724138751e-01
4.976736652072480949e-01 4.974748283434827223e-01 4.843941058292521307e-01 7.310585786300048960e-01 4.930584251113612759e-01 5.025167326786189603e-01 4.830801130825759793e-01 5.019507481446007224e-01 4.854227588516758507e-01 4.932982261368386578e-01 4.968995260633264355e-01 4.954325463333242308e-01 6.487540454857416705e-01 4.950761794865241039e-01 4.953231604825983347e-01 4.955442482561613349e-01 4.983107277631232401e-01 4.990261595244479542e-01
4.936049517564313760e-01 4.930584117035263780e-01 4.648580669133892118e-01 4.930584251113612759e-01 7.310585786300048960e-01 4.901125587737285016e-01 4.581340952620920892e-01 4.894166915853662703e-01 4.599998602277865500e-01 5.278502373582797391e-01 4.914771716346425512e-01 4.874458561384186206e-01 4.910545966557557374e-01 4.864667431853523794e-01 4.897041193673073445e-01 4.904305604388490281e-01 4.953561202314176737e-01 4.973228273572303237e-01
4.958261257189879312e-01 4.954693885930127051e-01 4.772805531889512953e-01 5.025167326786189603e-01 4.901125587737285016e-01 7.310585786300048960e-01 4.756653552890107717e-01 5.178198554062769521e-01 4.751247994923735174e-01 4.906343394714531847e-01 4.944372462636145715e-01 5.036104536962162648e-01 5.106727283882096513e-01 4.911662488329266441e-01 4.955166653366762652e-01 4.920059000209004996e-01 4.969691106645340861e-01 4.982527272471261592e-01
4.844115070065369566e-01 4.850310262738929956e-01 4.506976612011641681e-01 4.830801130825759793e-01 4.581340952620920892e-01 4.756653552890107717e-01 7.310585786300048960e-01 4.728719420632242487e-01 4.288810734254253076e-01 4.654864961499710074e-01 4.855978440390743001e-01 4.694216909610327004e-01 4.782004134513177518e-01 4.670423951414013897e-01 4.733018994438178972e-01 4.701677576590712060e-01 4.886786917609960423e-01 4.934727048517213444e-01
4.956252094189558810e-01 4.952513021035083174e-01 4.718054753531413237e-01 5.019507481446007224e-01 4.894166915853662703e-01 5.178198554062769521e-01 4.728719420632242487e-01 7.310585786300048960e-01 4.726059451755446617e-01 4.976649621779727917e-01 4.941694843333089837e-01 5.025878307602714701e-01 4.991112967887544882e-01 4.942463911310476798e-01 4.912054556688497109e-01 5.031599829813506730e-01 4.968232103846725867e-01 4.981686159415135706e-01
4.865700143880149486e-01 4.925457922359962604e-01 4.397250560591057233e-01 4.854227588516758507e-01 4.599998602277865500e-01 4.751247994923735174e-01 4.288810734254253076e-01 4.726059451755446617e-01 7.310585786300048960e-01 4.631684946887379972e-01 4.935342814833091341e-01 4.748883380242168162e-01 4.812174576815487770e-01 4.715977236193926170e-01 4.845932831781689099e-01 4.769649355032630211e-01 4.902467158757579657e-01 5.007084593781657711e-01
4.938258767536172766e-01 4.932982131920727320e-01 4.645374221644498758e-01 4.932982261368386578e-01 5.278502373582797391e-01 4.906343394714531847e-01 4.654864961499710074e-01 4.976649621779727917e-01 4.631684946887379972e-01 7.310585786300048960e-01 4.917715798260003934e-01 4.878794267519504513e-01 4.950976160627134082e-01 4.869340982727659028e-01 4.875892525209186146e-01 4.881757521952440060e-01 4.955165567553551087e-01 4.974153215522091886e-01
4.971436559505949537e-01 4.968995200740631280e-01 4.825481479357870973e-01 4.968995260633264355e-01 4.914771716346425512e-01 4.944372462636145715e-01 4.855978440390743001e-01 4.941694843333089837e-01 4.935342814833091341e-01 4.917715798260003934e-01 7.310585786300048960e-01 4.943920012153663612e-01 4.960043746579347324e-01 4.939544616625824447e-01 4.942576993015224684e-01 4.945291470406322776e-01 4.979258569873483142e-01 4.988042856691639049e-01
4.957921759799901462e-01 4.954325375105241291e-01 4.770420014595561087e-01 4.954325463333242308e-01 4.874458561384186206e-01 5.036104536962162648e-01 4.694216909610327004e-01 5.025878307602714701e-01 4.748883380242168162e-01 4.878794267519504513e-01 4.943920012153663612e-01 7.310585786300048960e-01 4.941139151249046568e-01 4.947626663213087195e-01 4.915410556783358365e-01 6.307745187474423920e-01 4.969444572652310654e-01 4.982385146114016172e-01
5.394211686575007825e-01 4.967457656985755921e-01 4.798926048057727822e-01 6.487540454857416705e-01 4.910545966557557374e-01 5.106727283882096513e-01 4.782004134513177518e-01 4.991112967887544882e-01 4.812174576815487770e-01 4.950976160627134082e-01 4.960043746579347324e-01 4.941139151249046568e-01 7.310585786300048960e-01 4.936546835073654105e-01 4.939729547732372161e-01 4.942578604728882219e-01 4.978229976141477775e-01 4.987449881958693210e-01
4.954638654543962462e-01 4.950761699754275824e-01 4.719570374183071904e-01 4.950761794865241039e-01 4.864667431853523794e-01 4.911662488329266441e-01 4.670423951414013897e-01 4.942463911310476798e-01 4.715977236193926170e-01 4.869340982727659028e-01 4.939544616625824447e-01 4.947626663213087195e-01 4.936546835073654105e-01 7.310585786300048960e-01 6.180840325966340254e-01 4.913121710117694385e-01 4.967060461729492782e-01 4.981010707883600785e-01
4.956914020131723553e-01 4.953231514485255671e-01 4.749054624024263149e-01 4.953231604825983347e-01 4.897041193673073445e-01 4.955166653366762652e-01 4.733018994438178972e-01 4.912054556688497109e-01 4.845932831781689099e-01 4.875892525209186146e-01 4.942576993015224684e-01 4.915410556783358365e-01 4.939729547732372161e-01 6.180840325966340254e-01 7.310585786300048960e-01 4.917479011808784106e-01 4.968712778065972335e-01 4.981963267650088012e-01
4.958950836130430195e-01 4.955442396491090418e-01 4.792709162212450136e-01 4.955442482561613349e-01 4.904305604388490281e-01 4.920059000209004996e-01 4.701677576590712060e-01 5.031599829813506730e-01 4.769649355032630211e-01 4.881757521952440060e-01 4.945291470406322776e-01 6.307745187474423920e-01 4.942578604728882219e-01 4.913121710117694385e-01 4.917479011808784106e-01 7.310585786300048960e-01 4.970191860162307407e-01 4.982815955704915645e-01
5.984508227831759619e-01 4.983107244998548624e-01 4.895582297351588896e-01 4.983107277631232401e-01 4.953561202314176737e-01 4.969691106645340861e-01 4.886786917609960423e-01 4.968232103846725867e-01 4.902467158757579657e-01 4.955165567553551087e-01 4.979258569873483142e-01 4.969444572652310654e-01 4.978229976141477775e-01 4.967060461729492782e-01 4.968712778065972335e-01 4.970191860162307407e-01 7.310585786300048960e-01 4.993485281390117048e-01
4.991028408421891993e-01 4.990261576432124535e-01 5.057191086724138751e-01 4.990261595244479542e-01 4.973228273572303237e-01 4.982527272471261592e-01 4.934727048517213444e-01 4.981686159415135706e-01 5.007084593781657711e-01 4.974153215522091886e-01 4.988042856691639049e-01 4.982385146114016172e-01 4.987449881958693210e-01 4.981010707883600785e-01 4.981963267650088012e-01 4.982815955704915645e-01 4.993485281390117048e-01 7.310585786300048960e-01
